637
2087
264
1555
1694
2084
40
1565
1092
1218
661
385
1458
1264
712
1305
1061
138
1057
479
1467
1986
538
865
394
826
933
1682
888
422
372
1205
1851
213
1591
1318
540
731
417
358
1075
45
1550
1062
2148
1133
1878
1736
1806
995
448
1883
1303
926
1660
156
504
314
2101
413
377
576
454
1814
1201
2017
1509
1538
973
1091
956
145
419
1384
204
1461
964
671
1475
244
146
126
195
391
651
1289
175
1909
2116
1711
309
112
255
2090
1906
577
647
1870
1882
1046
1480
613
644
1746
872
1931
226
1916
2147
414
665
587
1670
1047
42
1521
1294
70
80
1539
1345
258
1444
1583
620
498
2016
160
1566
1794
154
895
894
828
1479
1735
1717
818
1661
809
170
1468
654
460
263
1472
415
2093
478
945
1642
445
1244
829
1789
817
761
1584
1496
698
2086
2121
643
863
1626
1136
0
1823
578
1759
1169
331
813
1284
1574
124
1495
1952
28
1845
1237
485
1278
20
870
1676
1609
38
1513
2108
2098
614
185
1497
836
1964
1252
579
1454
1834
856
645
1286
393
1568
1260
399
1016
1453
533
1621
2077
1240
987
1643
1191
287
1389
999
993
640
1995
1864
584
1335
47
1017
1215
798
795
1392
1138
1784
321
783
1338
225
1965
963
1373
717
1751
1725
626
1424
543
581
2049
1576
1426
1302
1248
143
431
1073
202
1959
1236
1835
1041
463
840
1946
984
22
2128
1831
1718
530
197
1595
583
1220
1436
228
1868
903
1340
46
857
271
1560
689
1254
1891
1505
376
1822
41
452
107
1103
1295
774
1702
1516
1378
821
343
1570
786
1281
268
1921
167
2094
837
2025
161
544
1894
1699
1362
168
549
1771
1093
1309
81
659
1797
833
754
464
1003
1429
970
2078
1406
1365
1366
773
1989
1481
423
262
11
594
368
1095
1941
35
1951
159
1512
1956
1704
2097
2012
83
867
206
363
1247
1313
969
1855
237
1160
2035
2014
1905
211
1511
1562
751
1460
1808
683
788
1705
2132
355
778
60
1727
1617
1177
744
328
344
1405
972
631
1266
719
604
824
1850
17
938
1357
957
726
1698
1411
994
593
1722
191
2139
1155
546
135
1483
1217
2125
919
980
272
484
395
1033
1776
310
2119
1840
1325
2081
1881
118
563
1404
936
1896
1925
653
323
873
2072
482
521
2044
466
371
741
486
1507
727
1238
767
1582
177
1824
303
830
73
1856
634
595
39
2080
475
382
1709
886
1304
799
1009
1915
914
1641
928
1307
1999
72
2038
397
1336
2111
1546
785
1970
1733
1597
1060
1843
528
1987
1803
1944
470
1681
1774
1455
611
529
941
916
622
2115
1022
325
974
2124
350
26
1942
307
440
374
1920
937
621
2122
1976
943
1662
1842
1726
1622
294
1175
121
1066
1445
1179
843
747
502
1200
1031
2092
362
1613
459
1800
1173
1913
1482
1466
541
404
695
2000
1563
2085
2062
1624
1470
1474
1184
284
1181
62
468
1533
1282
130
1116
1223
722
483
2091
111
1802
1332
545
1356
1195
553
1799
82
1786
1265
1297
764
1801
2152
652
352
1558
140
490
252
348
342
1833
1363
931
1716
803
50
675
242
476
1825
1438
606
98
784
1452
75
1276
1902
218
1192
2052
1819
700
1317
1638
1076
789
946
1755
539
1231
694
2029
924
283
240
375
329
311
1115
1037
89
1863
845
447
2028
1251
1401
432
173
1381
1079
274
1334
18
569
1695
1639
627
1598
1874
2133
2143
1996
1707
1955
1697
253
491
797
1068
1932
655
1137
1875
657
564
446
586
453
735
1086
451
48
801
341
781
473
730
1739
1589
1196
318
1767
408
370
179
2018
1342
1557
687
1074
966
760
1463
1645
1985
1935
2061
939
1210
897
308
2010
1349
1689
832
1903
1189
1077
2027
1530
1494
1954
1213
1939
1950
2032
1948
2100
684
2007
1798
1968
421
1478
1810
732
548
222
410
2011
1368
935
1578
1182
743
1696
305
2134
965
43
21
1900
1615
1805
269
725
1549
1572
1885
561
1525
1542
93
174
1154
1854
210
1752
804
1673
1967
982
1221
416
1990
123
192
288
330
1501
1449
44
373
1253
2135
384
2041
1731
434
908
2040
234
1439
1250
181
36
988
2144
1734
54
961
1459
868
918
27
1080
1753
775
1515
841
1535
899
1743
633
1543
2117
1811
917
1428
877
1980
1165
450
1204
852
439
1849
2071
609
1730
2067
1163
1377
589
63
1747
69
105
1081
1979
412
1895
1178
1067
847
1518
746
823
1590
1616
1614
1396
1547
2045
825
1659
1353
2031
1422
1372
1828
1788
389
1407
405
1809
142
1540
1469
1647
864
2120
1683
1529
1433
1859
1094
418
1329
1928
1813
324
1860
1296
471
1653
1170
474
512
1817
1146
1024
555
100
981
1280
1520
1030
1829
1898
1269
1853
300
2079
1292
582
1710
380
1721
1450
649
1105
900
1943
444
1571
721
280
1912
1561
1283
1477
1029
1775
19
1272
1233
1764
1432
729
1974
588
357
103
629
876
989
1013
1380
1021
854
1274
1273
759
2
12
1209
113
2065
152
117
1693
925
90
157
1157
2030
624
503
74
477
1156
2070
1866
1493
1812
1226
952
554
1162
1544
97
1918
642
1818
1605
1677
2058
2046
289
1321
248
221
763
565
316
1892
1506
975
749
1413
1554
1526
810
281
1434
1331
1099
1383
1783
2006
383
1714
1899
1012
79
13
313
1098
1208
1606
32
1462
734
231
114
278
835
233
501
456
1391
273
261
1635
137
2141
681
1049
351
827
1451
834
110
1224
1388
518
1359
776
1185
488
1167
406
1387
779
1569
921
1397
52
425
1043
1773
1010
216
515
1471
1315
812
796
1114
279
1779
356
869
1667
1409
1419
755
1400
1393
2034
1586
1888
481
1977
2083
1261
1083
954
1880
1701
1575
1603
682
676
1364
207
1112
932
1625
1410
230
520
319
958
1008
1048
1796
2036
58
1852
1324
259
37
304
597
674
409
780
874
875
95
1778
203
1732
572
1960
1108
1862
88
2110
275
524
176
585
312
64
1749
1712
610
1548
199
602
1420
1592
1412
696
71
49
566
2136
1981
1442
215
890
322
3
831
745
878
1503
859
436
1232
1541
550
1669
2021
1758
1832
806
672
2037
265
771
1836
1320
787
1249
944
1287
149
1792
1288
480
16
1837
339
361
277
189
1587
2089
14
1630
2114
1715
99
1604
443
1978
1285
302
295
844
1781
881
23
688
839
713
1090
1757
697
997
1239
1270
1423
2131
1830
1476
1235
1007
1417
815
1216
1039
61
901
1668
516
656
667
858
442
850
386
2059
1551
2057
1938
885
455
298
1242
1658
567
887
1052
1927
183
664
1848
1492
1664
1110
1601
816
200
1403
1919
1069
235
923
985
1907
30
1740
256
871
120
1230
171
616
2106
1063
1969
1957
489
1443
56
679
2151
1427
236
1940
193
379
1164
1386
619
182
967
1924
1166
638
1904
557
1585
1499
353
2127
765
848
1893
1790
1930
568
1328
1869
709
670
153
1600
1816
1594
777
1159
1001
913
441
1190
108
1484
430
68
1421
1485
663
1300
1917
1994
119
495
238
1343
1768
1134
2003
232
299
420
1446
457
131
198
208
336
1958
366
1187
1745
400
960
551
1262
1688
1628
292
1629
249
716
1418
427
736
842
1135
1607
703
1738
1631
866
708
169
1588
1186
650
509
209
979
1390
1719
1448
347
862
109
1873
499
1394
148
158
742
407
266
106
911
685
190
315
552
151
1430
912
641
1314
513
1602
1277
1793
1983
1004
1176
953
1502
220
388
1211
571
948
523
381
1519
241
2060
1106
132
2088
1379
77
807
922
853
986
690
596
1002
1966
354
851
387
127
9
194
1465
800
227
639
1553
1437
1867
1815
1347
1198
33
699
1537
607
1564
1961
2140
909
1350
1193
669
1993
770
1827
2113
662
962
1992
57
893
492
977
2033
115
1911
461
1517
1674
67
880
1772
1997
178
1741
738
2073
1385
646
1243
2082
1358
1844
1071
949
1971
951
1580
1065
947
1352
1473
715
1531
605
1637
31
53
507
2075
1914
792
390
822
1933
141
536
147
934
487
429
849
458
896
1255
1088
1761
1608
580
84
102
1344
245
1306
219
1654
327
889
855
560
768
403
635
1887
297
617
1737
201
2074
710
1311
1785
8
1271
2055
1579
1036
346
1044
500
1457
1
1742
2013
762
2105
766
1871
104
1312
1820
838
1171
1139
1527
1514
2064
1414
1111
1762
600
1456
214
1290
349
162
1886
1246
1804
251
527
612
1042
1567
1447
1441
1723
260
959
1680
1884
250
1019
449
1415
1040
290
223
1382
1072
983
678
623
691
1841
976
1936
752
598
1596
805
686
1890
1988
1534
1838
1769
570
1908
172
628
1028
769
1228
591
2026
144
1227
1865
748
1078
411
1425
1782
2042
846
1161
4
556
257
1657
1206
955
465
1032
1619
401
1998
1897
1524
76
1212
247
96
1104
1298
136
1536
2053
1310
558
1374
1685
2047
1612
1671
1014
1872
547
437
267
320
990
525
338
1729
1953
25
1486
